map
{

	path_export = C:\Users\artur\Downloads\Pacman\assets\mapa

	properties
	{
		orientation = orthogonal
		type = 3
		width_map = 28
		height_map = 32
		width_block = 8
		height_block = 8
		size = 896
	}

	tile_sets
	{
		path = C:\Users\artur\Downloads\Pacman\assets\mapa\walls.txt
		path = C:\Users\artur\Downloads\Pacman\assets\mapa\points.txt
		path = C:\Users\artur\Downloads\Pacman\assets\mapa\player.txt
	}

	layers
	{

		{
			id = 1
			name = walls
			matriz
			{
				{1,11,11,11,11,11,11,11,11,11,11,11,11,43,42,11,11,11,11,11,11,11,11,11,11,11,11,0}
				{3,-1,-1,-1,-1,-1,-1,-1,-1,-1,-1,-1,-1,25,24,-1,-1,-1,-1,-1,-1,-1,-1,-1,-1,-1,-1,2}
				{3,-1,23,14,14,22,-1,23,14,14,14,22,-1,25,24,-1,23,14,14,14,22,-1,23,14,14,22,-1,2}
				{3,-1,25,44,44,24,-1,25,44,44,44,24,-1,25,24,-1,25,44,44,44,24,-1,25,44,44,24,-1,2}
				{3,-1,25,44,44,24,-1,25,44,44,44,24,-1,25,24,-1,25,44,44,44,24,-1,25,44,44,24,-1,2}
				{3,-1,27,20,20,26,-1,27,21,21,21,26,-1,27,26,-1,27,21,21,21,26,-1,27,21,21,26,-1,2}
				{3,-1,-1,-1,-1,-1,-1,-1,-1,-1,-1,-1,-1,-1,-1,-1,-1,-1,-1,-1,-1,-1,-1,-1,-1,-1,-1,2}
				{3,-1,23,14,14,22,-1,23,22,-1,23,14,14,14,14,14,14,22,-1,23,22,-1,23,14,14,22,-1,2}
				{3,-1,27,21,21,26,-1,25,24,-1,27,21,21,35,34,21,21,26,-1,25,24,-1,27,21,21,26,-1,2}
				{3,-1,-1,-1,-1,-1,-1,25,24,-1,-1,-1,-1,25,24,-1,-1,-1,-1,25,24,-1,-1,-1,-1,-1,-1,2}
				{5,13,13,13,13,38,-1,25,36,14,14,22,-1,25,24,-1,23,14,14,37,24,-1,23,13,13,13,13,4}
				{44,44,44,44,44,3,-1,25,34,21,21,26,-1,27,26,-1,27,20,20,35,24,-1,2,44,44,44,44,44}
				{44,44,44,44,44,3,-1,25,24,-1,-1,-1,-1,-1,-1,-1,-1,-1,-1,25,24,-1,2,44,44,44,44,44}
				{44,44,44,44,44,3,-1,25,24,-1,29,12,33,-1,-1,32,12,28,-1,25,24,-1,2,44,44,44,44,44}
				{11,11,11,11,11,26,-1,27,26,-1,2,-1,-1,-1,-1,-1,-1,3,-1,27,26,-1,27,11,11,11,11,11}
				{-1,-1,-1,-1,-1,-1,-1,-1,-1,-1,2,-1,-1,-1,-1,-1,-1,3,-1,-1,-1,-1,-1,-1,-1,-1,-1,-1}
				{12,12,12,12,12,22,-1,23,22,-1,2,-1,-1,-1,-1,-1,-1,3,-1,23,22,-1,23,13,13,13,13,13}
				{44,44,44,44,44,3,-1,25,24,-1,31,11,11,11,11,11,11,30,-1,25,24,-1,2,44,44,44,44,44}
				{44,44,44,44,44,3,-1,25,24,-1,-1,-1,-1,-1,-1,-1,-1,-1,-1,25,24,-1,2,44,44,44,44,44}
				{44,44,44,44,44,3,-1,25,24,-1,23,14,14,14,14,14,14,22,-1,25,24,-1,2,44,44,44,44,44}
				{1,11,11,11,11,26,-1,27,26,-1,27,21,21,35,34,21,21,26,-1,27,26,-1,27,11,11,11,11,0}
				{3,-1,-1,-1,-1,-1,-1,-1,-1,-1,-1,-1,-1,25,24,-1,-1,-1,-1,-1,-1,-1,-1,-1,-1,-1,-1,2}
				{3,-1,23,14,14,38,-1,23,15,15,15,22,-1,25,24,-1,23,14,14,14,22,-1,23,14,14,22,-1,2}
				{3,-1,27,21,35,24,-1,27,21,21,21,26,-1,27,26,-1,27,21,21,21,26,-1,25,34,21,26,-1,2}
				{3,-1,-1,-1,25,24,-1,-1,-1,-1,-1,-1,-1,-1,-1,-1,-1,-1,-1,-1,-1,-1,25,24,-1,-1,-1,2}
				{7,14,22,-1,25,24,-1,23,22,-1,23,14,14,14,14,14,14,22,-1,23,22,-1,25,24,-1,23,14,6}
				{9,21,26,-1,27,26,-1,25,24,-1,27,20,20,35,34,21,21,26,-1,25,24,-1,27,26,-1,27,21,8}
				{3,-1,-1,-1,-1,-1,-1,25,24,-1,-1,-1,-1,25,24,-1,-1,-1,-1,25,24,-1,-1,-1,-1,-1,-1,2}
				{3,-1,23,14,14,14,14,37,36,14,14,22,-1,25,24,-1,23,14,14,37,36,14,14,14,14,22,-1,2}
				{3,-1,27,21,21,21,21,21,21,21,21,26,-1,27,26,-1,27,21,21,21,21,21,21,21,21,26,-1,2}
				{3,-1,-1,-1,-1,-1,-1,-1,-1,-1,-1,-1,-1,-1,-1,-1,-1,-1,-1,-1,-1,-1,-1,-1,-1,-1,-1,2}
				{5,13,13,13,13,13,13,13,13,13,13,13,13,13,13,13,13,13,13,13,13,13,13,13,13,13,13,4}
			}
		}


		{
			id = 2
			name = points
			matriz
			{
				{-1,-1,-1,-1,-1,-1,-1,-1,-1,-1,-1,-1,-1,-1,-1,-1,-1,-1,-1,-1,-1,-1,-1,-1,-1,-1,-1,-1}
				{-1,48,48,48,48,48,48,48,48,48,48,48,48,-1,-1,48,48,48,48,48,48,48,48,48,48,48,48,-1}
				{-1,48,-1,-1,-1,-1,48,-1,-1,-1,-1,-1,48,-1,-1,48,-1,-1,-1,-1,-1,48,-1,-1,-1,-1,48,-1}
				{-1,50,-1,-1,-1,-1,48,-1,-1,-1,-1,-1,48,-1,-1,48,-1,-1,-1,-1,-1,48,-1,-1,-1,-1,50,-1}
				{-1,48,-1,-1,-1,-1,48,-1,-1,-1,-1,-1,48,-1,-1,48,-1,-1,-1,-1,-1,48,-1,-1,-1,-1,48,-1}
				{-1,48,-1,-1,-1,-1,48,-1,-1,-1,-1,-1,48,-1,-1,48,-1,-1,-1,-1,-1,48,-1,-1,-1,-1,48,-1}
				{-1,48,48,48,48,48,48,48,48,48,48,48,48,48,48,48,48,48,48,48,48,48,48,48,48,48,48,-1}
				{-1,48,-1,-1,-1,-1,48,-1,-1,48,-1,-1,-1,-1,-1,-1,-1,-1,48,-1,-1,48,-1,-1,-1,-1,48,-1}
				{-1,48,-1,-1,-1,-1,48,-1,-1,48,-1,-1,-1,-1,-1,-1,-1,-1,48,-1,-1,48,-1,-1,-1,-1,48,-1}
				{-1,48,48,48,48,48,48,-1,-1,48,48,48,48,-1,-1,48,48,48,48,-1,-1,48,48,48,48,48,48,-1}
				{-1,-1,-1,-1,-1,-1,48,-1,-1,-1,-1,-1,-1,-1,-1,-1,-1,-1,-1,-1,-1,48,-1,-1,-1,-1,-1,-1}
				{-1,-1,-1,-1,-1,-1,48,-1,-1,-1,-1,-1,-1,-1,-1,-1,-1,-1,-1,-1,-1,48,-1,-1,-1,-1,-1,-1}
				{-1,-1,-1,-1,-1,-1,48,-1,-1,-1,-1,-1,-1,-1,-1,-1,-1,-1,-1,-1,-1,48,-1,-1,-1,-1,-1,-1}
				{-1,-1,-1,-1,-1,-1,48,-1,-1,-1,-1,-1,-1,-1,-1,-1,-1,-1,-1,-1,-1,48,-1,-1,-1,-1,-1,-1}
				{-1,-1,-1,-1,-1,-1,48,-1,-1,-1,-1,-1,-1,-1,-1,-1,-1,-1,-1,-1,-1,48,-1,-1,-1,-1,-1,-1}
				{48,48,48,48,48,48,48,-1,-1,-1,-1,-1,-1,-1,-1,-1,-1,-1,-1,-1,-1,48,48,48,48,48,48,48}
				{-1,-1,-1,-1,-1,-1,48,-1,-1,-1,-1,-1,-1,-1,-1,-1,-1,-1,-1,-1,-1,48,-1,-1,-1,-1,-1,-1}
				{-1,-1,-1,-1,-1,-1,48,-1,-1,-1,-1,-1,-1,-1,-1,-1,-1,-1,-1,-1,-1,48,-1,-1,-1,-1,-1,-1}
				{-1,-1,-1,-1,-1,-1,48,-1,-1,-1,-1,-1,-1,-1,-1,-1,-1,-1,-1,-1,-1,48,-1,-1,-1,-1,-1,-1}
				{-1,-1,-1,-1,-1,-1,48,-1,-1,-1,-1,-1,-1,-1,-1,-1,-1,-1,-1,-1,-1,48,-1,-1,-1,-1,-1,-1}
				{-1,-1,-1,-1,-1,-1,48,-1,-1,-1,-1,-1,-1,-1,-1,-1,-1,-1,-1,-1,-1,48,-1,-1,-1,-1,-1,-1}
				{-1,48,48,48,48,48,48,48,48,48,48,48,48,-1,-1,48,48,48,48,48,48,48,48,48,48,48,48,-1}
				{-1,48,-1,-1,-1,-1,48,-1,-1,-1,-1,-1,48,-1,-1,48,-1,-1,-1,-1,-1,48,-1,-1,-1,-1,48,-1}
				{-1,48,-1,-1,-1,-1,48,-1,-1,-1,-1,-1,48,-1,-1,48,-1,-1,-1,-1,-1,48,-1,-1,-1,-1,48,-1}
				{-1,50,48,48,-1,-1,48,48,48,48,48,48,48,48,48,48,48,48,48,48,48,48,-1,-1,48,48,50,-1}
				{-1,-1,-1,48,-1,-1,48,-1,-1,48,-1,-1,-1,-1,-1,-1,-1,-1,48,-1,-1,48,-1,-1,48,-1,-1,-1}
				{-1,-1,-1,48,-1,-1,48,-1,-1,48,-1,-1,-1,-1,-1,-1,-1,-1,48,-1,-1,48,-1,-1,48,-1,-1,-1}
				{-1,48,48,48,48,48,48,-1,-1,48,48,48,48,-1,-1,48,48,48,48,-1,-1,48,48,48,48,48,48,-1}
				{-1,48,-1,-1,-1,-1,-1,-1,-1,-1,-1,-1,48,-1,-1,48,-1,-1,-1,-1,-1,-1,-1,-1,-1,-1,48,-1}
				{-1,48,-1,-1,-1,-1,-1,-1,-1,-1,-1,-1,48,-1,-1,48,-1,-1,-1,-1,-1,-1,-1,-1,-1,-1,48,-1}
				{-1,48,48,48,48,48,48,48,48,48,48,48,48,48,48,48,48,48,48,48,48,48,48,48,48,48,48,-1}
				{-1,-1,-1,-1,-1,-1,-1,-1,-1,-1,-1,-1,-1,-1,-1,-1,-1,-1,-1,-1,-1,-1,-1,-1,-1,-1,-1,-1}
			}
		}

	}

}
